0 37004
1 3819
2 2304
3 2642
4 2263
5 1462
6 1426
7 1537
8 3491
9 1441
10 1287
11 1447
12 3033
13 1213
14 1103
15 3535
16 2266
17 1262
18 921
19 974
20 1355
21 1283
22 1014
23 932
24 1410
25 1254
26 933
27 1025
28 1127
29 943
30 950
31 1026
32 1746
33 1025
34 929
35 1207
36 1258
37 947
38 864
39 931
40 1002
41 1059
42 890
43 1361
44 1001
45 1065
46 953
47 943
48 1821
49 1827
50 917
51 2752
52 1515
53 999
54 971
55 953
56 1058
57 1777
58 931
59 1557
60 1170
61 1129
62 962
63 1053
64 2153
65 1328
66 2596
67 1124
68 1170
69 4512
70 1443
71 1224
72 1473
73 1045
74 1009
75 934
76 1080
77 1922
78 1029
79 1054
80 2082
81 1217
82 1050
83 1374
84 1158
85 1875
86 1527
87 1436
88 1312
89 1432
90 990
91 1118
92 1091
93 1845
94 1242
95 1216
96 1225
97 1267
98 935
99 1115
100 1277
101 2085
102 1606
103 1029
104 1514
105 1294
106 1564
107 980
108 1307
109 1331
110 1284
111 1425
112 1556
113 1095
114 1467
115 1626
116 2570
117 2920
118 1132
119 1003
120 1278
121 1028
122 921
123 920
124 1141
125 1702
126 1146
127 1099
128 4449
129 2441
130 975
131 4303
132 1430
133 2965
134 887
135 936
136 1425
137 4634
138 1081
139 7785
140 1025
141 3360
142 905
143 985
144 1539
145 959
146 879
147 986
148 1149
149 1554
150 830
151 817
152 1069
153 969
154 882
155 888
156 1001
157 1148
158 885
159 950
160 1281
161 1174
162 846
163 1066
164 1016
165 999
166 835
167 886
168 1039
169 969
170 980
171 976
172 965
173 872
174 907
175 1069
176 1128
177 924
178 867
179 935
180 1127
181 1289
182 1691
183 1183
184 1479
185 1176
186 1109
187 1008
188 1086
189 1169
190 1022
191 1020
192 2656
193 3995
194 1430
195 2121
196 1352
197 1019
198 1564
199 2446
200 1434
201 1360
202 1051
203 1244
204 2429
205 994
206 1112
207 1435
208 1381
209 1244
210 1243
211 1319
212 1073
213 1041
214 1233
215 1123
216 1421
217 1106
218 1216
219 1168
220 1101
221 944
222 1162
223 1330
224 1896
225 1334
226 1033
227 1212
228 1540
229 1384
230 1256
231 1243
232 3368
233 1727
234 1205
235 2028
236 1697
237 1081
238 1500
239 1748
240 1897
241 1215
242 1139
243 1486
244 2219
245 1209
246 1519
247 1712
248 2441
249 1550
250 1501
251 2132
252 2317
253 1792
254 2048
255 15858
