0 0.3064147729934947
1 0.02292225298024949
2 0.013817024363690908
3 0.007489955248695055
4 0.011260310079908327
5 0.006676375204047523
6 0.007477376707497659
7 0.0017155872339127533
8 0.0054815395757069375
9 0.0014791106594017206
10 0.006012291121531035
11 0.0005228899575757252
12 0.005964681343098893
13 0.0007327000247482798
14 0.0008632023896712567
15 0.003585135812081626
16 0.00677505385974109
17 0.0012169109681420143
18 0.0006540212495585718
19 0.000767542583865065
20 0.0005933926809871262
21 0.003361678027709897
22 0.0004124503658625939
23 0.0004146516105721381
24 0.0003810040128691055
25 0.00031848866311805056
26 0.0002416337764019649
27 0.00013654006469772666
28 0.0003793059098074571
29 0.0002869165247125882
30 0.00018666555136934715
31 0.0006975430021015598
32 0.012190870557691637
33 0.000211508170234203
34 0.0002627657256135891
35 0.000805529778281199
36 0.010675973948583327
37 0.0008885481501840083
38 0.00024075327851814723
39 0.00024125642016604304
40 0.0017988571766395106
41 0.00021742008459697882
42 0.0003238345431269436
43 0.0005811914960256526
44 0.000569367667300101
45 0.0004521356633403763
46 0.0021756473782074885
47 0.00022521878013936395
48 0.008921770593194569
49 0.0012462189691319454
50 0.000870435050859759
51 0.003408658879082169
52 0.0009559062382960605
53 0.0003142748518169231
54 0.00024119352746005605
55 0.0005942731788709439
56 0.0022442004277332932
57 0.0002737090564553231
58 0.0007852783269533925
59 0.0008694287675639674
60 0.0005690532037701661
61 0.00036697893943400965
62 0.0002264137415531165
63 0.0003425765695110627
64 0.004797644290804552
65 0.007036058589587044
66 0.001014207776745988
67 0.001970680049395931
68 0.004276515328996462
69 0.011359554769955777
70 0.00040087810796099016
71 0.00040433720679027387
72 0.020565348823387532
73 0.0053600308677400985
74 0.00019798623844700299
75 0.0003232056160670738
76 0.004529595577888057
77 0.002090679332419083
78 0.00046892801583889906
79 0.0002781115458744114
80 0.002556840069194555
81 0.0002776712969325026
82 0.0006135183469029588
83 0.004954561592242059
84 0.0010700564996624234
85 0.0012101185558954207
86 0.001437224117214394
87 0.0008770387849883916
88 0.00033974639774164874
89 0.00024094195663610816
90 0.00018226306195025878
91 0.00018270331089216763
92 0.00022729423943693418
93 0.0009910003682367936
94 0.0004412552252046293
95 0.0018609322774486568
96 0.0003169792381743631
97 0.016622793763181917
98 0.001041251640320388
99 0.0062301514550699225
100 0.00432940809473151
101 0.04851706860870957
102 0.0018420644656525636
103 0.0017853981375582975
104 0.002942749713130645
105 0.014435825697896773
106 0.000306476156274538
107 0.00023314326109372303
108 0.008922273734842464
109 0.0037655120928522753
110 0.015055570422692443
111 0.012144015491731339
112 0.008167309692174796
113 0.0002104389942324244
114 0.016371788973587893
115 0.009375164110654685
116 0.025957895220122897
117 0.0052587107183950784
118 0.00037006068202737155
119 0.00021930686577658812
120 0.0008523848442414967
121 0.0011406850084857984
122 0.000889428648067826
123 0.00026911788891827377
124 0.00014490479459399456
125 0.00038685303452589434
126 0.0002664763952668207
127 0.00015572234002375458
128 0.0031691005619777744
129 0.0002593695194902924
130 0.0008385484489243618
131 0.00758888547521257
132 0.00048144366433030747
133 0.0018535738308481805
134 0.000366224226962166
135 0.00010754652723773034
136 0.0003272936419562273
137 0.0056394631604402366
138 0.00039257627077070924
139 0.018482216615686886
140 0.00017930710476887088
141 0.0039302909825381545
142 0.0002872309882425231
143 0.00016087954191468668
144 0.0006354679012924137
145 0.00010584842417608196
146 0.0003438973163367892
147 0.000184401413953816
148 0.00022496720931541604
149 0.0009151517648164995
150 0.00017163419463845972
151 0.0003111302165175743
152 0.00016106822003264762
153 0.0001561625889656634
154 0.0001820114911263109
155 0.00016830088122114995
156 0.00014817521530531737
157 0.00019842648738891184
158 0.00022603638531719464
159 0.00040433720679027387
160 0.0002318225142679965
161 0.00029597307437471287
162 0.00019786045303502904
163 0.00035276518788095293
164 0.00018534480454362066
165 0.00015408712966809317
166 0.0001450934727119555
167 0.0001852190191316467
168 0.000208803783876763
169 0.00015993615132488202
170 0.0003384256509159222
171 0.00019867805821285973
172 0.00018427562854184205
173 0.0002042126163397137
174 0.00013955891458510155
175 0.00031276542687323566
176 0.00018723158572322995
177 0.00015716887226145505
178 0.0003259728951305008
179 0.00023578475474517606
180 0.00032226222547726915
181 0.00020899246199472394
182 0.0006216943986812657
183 0.00022817473732075186
184 0.00046785883983712045
185 0.0003069792979224338
186 0.0002191181876586272
187 0.0003250295045406961
188 0.00019616234997338068
189 0.0001412570176467499
190 0.00016823798851516296
191 0.0005987385609960192
192 0.002035899785504426
193 0.00025125636041797237
194 0.00027616187198881517
195 0.0005671664225905569
196 0.00035647585753418454
197 0.000401444142314873
198 0.00021836347518678349
199 0.0006057196513605737
200 0.0006786751903054667
201 0.00022553324366929883
202 0.00029641332331662167
203 0.0005686129548282573
204 0.014684880813605201
205 0.00017119394569655087
206 0.00014924439130709598
207 0.00015660283790757225
208 0.0006396188198875541
209 0.00013949602187911456
210 0.0002296841622644393
211 0.00034911741093370826
212 0.00012874136915534153
213 0.00011528233007412848
214 0.00021320627329585138
215 0.0001941497833817974
216 0.0003229540452431259
217 0.00020144533727628673
218 0.00018647687325138622
219 0.000276602120930724
220 0.00015119406519269226
221 0.00018477877018973786
222 0.00025830034348851377
223 0.00013811238234740108
224 0.0002424513815797956
225 0.00014465322377004667
226 0.00022440117496153324
227 0.0002111937067042681
228 0.00025075321877007653
229 0.0002733317002194012
230 0.00012270366938059175
231 0.0002283005227327258
232 0.003668154183984435
233 0.0003273565346622143
234 0.00029389761507714264
235 0.0005562230917488228
236 0.00033880300715184405
237 0.0005685500621222704
238 0.0001949673885596281
239 0.00027377194916131006
240 0.0020810567484030756
241 0.0002942120786070775
242 0.00017798635794314438
243 0.0003333942344369641
244 0.0002554701717190998
245 0.0003862241074660246
246 0.00018811208360704763
247 0.0003430168184529715
248 0.00021408677117966906
249 0.0002932057953112859
250 0.0002280489519087779
251 0.00014767207365742156
252 0.000675027413358222
253 0.00038704171264385525
254 0.0009377931389718112
255 0.13855709667143498
